NET WORTH BY DAY, LAST 7 DAYS -- start is the first reading after midnight, current is the latest reading of that day, midnight to midnight Central

day                        net worth start  net worth current          change
-----------------------------------------------------------------------------
Sun 2026-10-04               3,779,747,884      3,663,196,482    -116,551,402
Mon 2026-10-05               3,663,196,482      4,379,917,811    +716,721,329
Tue 2026-10-06               4,413,038,072      5,054,144,562    +641,106,490
Thu 2026-10-08               2,362,298,376      2,361,949,907        -348,469
Fri 2026-10-09               2,361,946,301      3,771,439,398  +1,409,493,097
Sat 2026-10-10 (so far)      3,771,434,180      3,771,393,531         -40,649


NET WORTH EVERY 5 MINUTES, Sat 2026-10-10 -- Alz, stock at its listed price, and Cash and gems at the voucher price, from the board, balance and Cash the run printed by the end of its latest pass

time                        net worth      since last  since midnight             Alz           stock            Cash            gems
-------------------------------------------------------------------------------------------------------------------------------------
2026-10-10 00:03:25     3,771,434,180               -              +0   2,289,739,690   1,122,319,491     306,666,666      52,708,333
2026-10-10 00:08:27     3,771,429,082          -5,098          -5,098   2,294,523,100   1,117,530,983     306,666,666      52,708,333
2026-10-10 00:13:43     3,771,423,156          -5,926         -11,024   2,294,523,100   1,117,525,057     306,666,666      52,708,333
2026-10-10 00:18:40     3,771,418,066          -5,090         -16,114   2,296,214,856   1,115,828,211     306,666,666      52,708,333
2026-10-10 00:23:44     3,771,413,556          -4,510         -20,624   2,364,853,984   1,047,184,573     306,666,666      52,708,333
2026-10-10 00:28:54     3,771,408,115          -5,441         -26,065   2,368,042,584   1,043,990,532     306,666,666      52,708,333
2026-10-10 00:33:57     3,771,408,115              +0         -26,065   2,368,042,584   1,043,990,532     306,666,666      52,708,333
2026-10-10 00:39:23     3,771,402,764          -5,351         -31,416   2,368,042,584   1,043,985,181     306,666,666      52,708,333
2026-10-10 00:44:37     3,771,398,060          -4,704         -36,120   2,451,997,653     960,025,408     306,666,666      52,708,333
2026-10-10 00:49:13     3,771,393,531          -4,529         -40,649   2,509,488,002     902,530,530     306,666,666      52,708,333
