NET WORTH BY DAY, ALL ACCOUNTS, LAST 7 DAYS -- each account's own start and current added up; the account columns are each one's change that day

day                        net worth start  net worth current          change             bot            cang           trung
-----------------------------------------------------------------------------------------------------------------------------
Wed 2026-09-30               6,311,701,536      6,463,919,908    +152,218,372    +114,250,962     +37,967,410               -
Thu 2026-10-01 (so far)      9,463,424,641     10,641,973,438  +1,178,548,797    +144,639,926    +468,831,937    +565,076,934


NET WORTH EVERY 5 MINUTES, ALL ACCOUNTS, Thu 2026-10-01 -- each account's latest reading at that time, added up; latest readings: bot 2026-10-01 16:53:25, cang 2026-10-01 16:46:28, trung 2026-10-01 14:47:37

time                        net worth      since last  since midnight             bot            cang           trung
---------------------------------------------------------------------------------------------------------------------
2026-10-01 00:00:06     9,463,424,641               -              +0   2,715,809,542   4,099,407,858   2,648,207,241
2026-10-01 00:05:06     9,463,424,641              +0              +0   2,715,809,542   4,099,407,858   2,648,207,241
2026-10-01 00:10:06     9,463,424,641              +0              +0   2,715,809,542   4,099,407,858   2,648,207,241
2026-10-01 00:15:06     9,454,040,496      -9,384,145      -9,384,145   2,706,425,397   4,099,407,858   2,648,207,241
2026-10-01 00:20:06     9,454,040,496              +0      -9,384,145   2,706,425,397   4,099,407,858   2,648,207,241
2026-10-01 00:25:06     9,454,040,496              +0      -9,384,145   2,706,425,397   4,099,407,858   2,648,207,241
2026-10-01 00:30:06     9,454,040,496              +0      -9,384,145   2,706,425,397   4,099,407,858   2,648,207,241
2026-10-01 00:35:06     9,466,096,415     +12,055,919      +2,671,774   2,718,481,316   4,099,407,858   2,648,207,241
2026-10-01 00:40:06     9,466,096,415              +0      +2,671,774   2,718,481,316   4,099,407,858   2,648,207,241
2026-10-01 00:45:06     9,466,096,415              +0      +2,671,774   2,718,481,316   4,099,407,858   2,648,207,241
2026-10-01 00:50:06     9,476,939,274     +10,842,859     +13,514,633   2,729,324,175   4,099,407,858   2,648,207,241
2026-10-01 00:55:06     9,476,939,274              +0     +13,514,633   2,729,324,175   4,099,407,858   2,648,207,241
2026-10-01 01:00:06     9,476,939,274              +0     +13,514,633   2,729,324,175   4,099,407,858   2,648,207,241
2026-10-01 01:05:06     9,484,671,231      +7,731,957     +21,246,590   2,737,056,132   4,099,407,858   2,648,207,241
2026-10-01 01:10:06     9,484,652,471         -18,760     +21,227,830   2,737,056,132   4,099,389,098   2,648,207,241
2026-10-01 01:15:06     9,484,652,471              +0     +21,227,830   2,737,056,132   4,099,389,098   2,648,207,241
2026-10-01 01:20:06     9,484,652,471              +0     +21,227,830   2,737,056,132   4,099,389,098   2,648,207,241
2026-10-01 01:25:06     9,484,652,471              +0     +21,227,830   2,737,056,132   4,099,389,098   2,648,207,241
2026-10-01 01:30:06     9,484,652,471              +0     +21,227,830   2,737,056,132   4,099,389,098   2,648,207,241
2026-10-01 01:35:06     9,500,133,868     +15,481,397     +36,709,227   2,754,019,151   4,097,907,476   2,648,207,241
2026-10-01 01:40:06     9,500,115,269         -18,599     +36,690,628   2,754,019,151   4,097,888,877   2,648,207,241
2026-10-01 01:45:06     9,503,418,280      +3,303,011     +39,993,639   2,754,019,151   4,101,191,888   2,648,207,241
2026-10-01 01:50:06     9,534,508,381     +31,090,101     +71,083,740   2,785,109,252   4,101,191,888   2,648,207,241
2026-10-01 01:55:06     9,533,130,575      -1,377,806     +69,705,934   2,785,109,252   4,099,814,082   2,648,207,241
2026-10-01 02:00:06     9,533,113,425         -17,150     +69,688,784   2,785,109,252   4,099,796,932   2,648,207,241
2026-10-01 02:05:06     9,533,113,425              +0     +69,688,784   2,785,109,252   4,099,796,932   2,648,207,241
2026-10-01 02:10:06     9,536,608,520      +3,495,095     +73,183,879   2,785,109,252   4,103,292,027   2,648,207,241
2026-10-01 02:15:06     9,568,736,558     +32,128,038    +105,311,917   2,811,479,686   4,109,049,631   2,648,207,241
2026-10-01 02:20:06     9,568,670,400         -66,158    +105,245,759   2,811,429,893   4,109,033,266   2,648,207,241
2026-10-01 02:25:06     9,576,559,868      +7,889,468    +113,135,227   2,811,388,999   4,116,963,628   2,648,207,241
2026-10-01 02:30:06     9,576,559,868              +0    +113,135,227   2,811,388,999   4,116,963,628   2,648,207,241
2026-10-01 02:35:06     9,576,559,868              +0    +113,135,227   2,811,388,999   4,116,963,628   2,648,207,241
2026-10-01 02:40:06     9,576,559,868              +0    +113,135,227   2,811,388,999   4,116,963,628   2,648,207,241
2026-10-01 02:45:06     9,559,717,970     -16,841,898     +96,293,329   2,794,547,101   4,116,963,628   2,648,207,241
2026-10-01 02:50:06     9,558,919,040        -798,930     +95,494,399   2,793,748,171   4,116,963,628   2,648,207,241
2026-10-01 02:55:06     9,558,919,040              +0     +95,494,399   2,793,748,171   4,116,963,628   2,648,207,241
2026-10-01 03:00:06     9,558,919,040              +0     +95,494,399   2,793,748,171   4,116,963,628   2,648,207,241
2026-10-01 03:05:06     9,552,264,634      -6,654,406     +88,839,993   2,793,748,171   4,110,309,222   2,648,207,241
2026-10-01 03:10:06     9,554,270,212      +2,005,578     +90,845,571   2,793,748,171   4,112,314,800   2,648,207,241
2026-10-01 03:15:06     9,547,514,782      -6,755,430     +84,090,141   2,787,143,984   4,112,163,557   2,648,207,241
2026-10-01 03:20:06     9,547,514,782              +0     +84,090,141   2,787,143,984   4,112,163,557   2,648,207,241
2026-10-01 03:25:06     9,547,514,782              +0     +84,090,141   2,787,143,984   4,112,163,557   2,648,207,241
2026-10-01 03:30:06     9,545,146,689      -2,368,093     +81,722,048   2,786,683,093   4,110,256,355   2,648,207,241
2026-10-01 03:35:06     9,545,146,689              +0     +81,722,048   2,786,683,093   4,110,256,355   2,648,207,241
2026-10-01 03:40:06     9,545,145,243          -1,446     +81,720,602   2,786,683,093   4,110,254,909   2,648,207,241
2026-10-01 03:45:06     9,545,142,395          -2,848     +81,717,754   2,786,683,093   4,110,252,061   2,648,207,241
2026-10-01 03:50:06     9,545,171,689         +29,294     +81,747,048   2,786,218,189   4,110,746,259   2,648,207,241
2026-10-01 03:55:06     9,545,171,689              +0     +81,747,048   2,786,218,189   4,110,746,259   2,648,207,241
2026-10-01 04:00:06     9,545,171,689              +0     +81,747,048   2,786,218,189   4,110,746,259   2,648,207,241
2026-10-01 04:05:06     9,545,171,689              +0     +81,747,048   2,786,218,189   4,110,746,259   2,648,207,241
2026-10-01 04:10:06     9,545,603,444        +431,755     +82,178,803   2,787,215,692   4,110,180,511   2,648,207,241
2026-10-01 04:15:06     9,545,603,444              +0     +82,178,803   2,787,215,692   4,110,180,511   2,648,207,241
2026-10-01 04:20:06     9,545,602,791            -653     +82,178,150   2,787,215,692   4,110,179,858   2,648,207,241
2026-10-01 04:25:06     9,549,653,476      +4,050,685     +86,228,835   2,790,498,376   4,110,947,859   2,648,207,241
2026-10-01 04:30:06     9,549,631,848         -21,628     +86,207,207   2,790,478,557   4,110,946,050   2,648,207,241
2026-10-01 04:35:06     9,550,503,456        +871,608     +87,078,815   2,790,478,557   4,111,817,658   2,648,207,241
2026-10-01 04:40:06     9,553,863,170      +3,359,714     +90,438,529   2,790,478,557   4,115,177,372   2,648,207,241
2026-10-01 04:45:06     9,553,825,485         -37,685     +90,400,844   2,790,440,872   4,115,177,372   2,648,207,241
2026-10-01 04:50:06     9,560,361,409      +6,535,924     +96,936,768   2,790,440,872   4,121,713,296   2,648,207,241
2026-10-01 04:55:06     9,563,341,806      +2,980,397     +99,917,165   2,790,440,872   4,124,693,693   2,648,207,241
2026-10-01 05:00:06     9,565,325,803      +1,983,997    +101,901,162   2,790,440,872   4,126,677,690   2,648,207,241
2026-10-01 05:05:06     9,584,904,344     +19,578,541    +121,479,703   2,810,025,661   4,126,671,442   2,648,207,241
2026-10-01 05:10:06     9,585,826,746        +922,402    +122,402,105   2,810,006,035   4,127,613,470   2,648,207,241
2026-10-01 05:15:06     9,589,135,568      +3,308,822    +125,710,927   2,810,006,035   4,130,922,292   2,648,207,241
2026-10-01 05:20:06     9,589,135,568              +0    +125,710,927   2,810,006,035   4,130,922,292   2,648,207,241
2026-10-01 05:25:06     7,759,350,455  -1,829,785,113  -1,704,074,186   2,810,006,035   4,134,148,864     815,195,556
2026-10-01 05:30:06     9,593,847,748  +1,834,497,293    +130,423,107   2,811,514,793   4,134,146,019   2,648,186,936
2026-10-01 05:35:06     9,593,839,992          -7,756    +130,415,351   2,811,514,793   4,134,144,633   2,648,180,566
2026-10-01 05:40:06     9,597,225,439      +3,385,447    +133,800,798   2,813,073,380   4,134,141,789   2,650,010,270
2026-10-01 05:45:06     9,597,222,613          -2,826    +133,797,972   2,813,073,380   4,134,138,963   2,650,010,270
2026-10-01 05:50:06     9,597,722,909        +500,296    +134,298,268   2,813,073,380   4,134,138,963   2,650,510,566
2026-10-01 05:55:06     9,604,464,566      +6,741,657    +141,039,925   2,818,522,639   4,134,124,715   2,651,817,212
2026-10-01 06:00:06     9,604,431,018         -33,548    +141,006,377   2,818,512,260   4,134,113,293   2,651,805,465
2026-10-01 06:05:06     9,605,671,528      +1,240,510    +142,246,887   2,818,512,260   4,135,358,512   2,651,800,756
2026-10-01 06:10:06     9,618,105,692     +12,434,164    +154,681,051   2,818,512,260   4,137,858,225   2,661,735,207
2026-10-01 06:15:06     9,621,047,999      +2,942,307    +157,623,358   2,818,512,260   4,140,808,433   2,661,727,306
2026-10-01 06:20:06     9,640,278,367     +19,230,368    +176,853,726   2,837,227,470   4,140,808,433   2,662,242,464
2026-10-01 06:25:06     9,641,157,322        +878,955    +177,732,681   2,837,227,470   4,141,918,781   2,662,011,071
2026-10-01 06:30:06     9,666,781,703     +25,624,381    +203,357,062   2,838,533,368   4,143,799,844   2,684,448,491
2026-10-01 06:35:06     9,666,744,963         -36,740    +203,320,322   2,838,533,368   4,143,774,552   2,684,437,043
2026-10-01 06:40:06     9,677,145,181     +10,400,218    +213,720,540   2,838,533,368   4,143,774,552   2,694,837,261
2026-10-01 06:45:06     9,686,314,909      +9,169,728    +222,890,268   2,838,533,368   4,143,762,635   2,704,018,906
2026-10-01 06:50:06     9,695,682,498      +9,367,589    +232,257,857   2,838,533,368   4,145,758,493   2,711,390,637
2026-10-01 06:55:06     9,700,358,880      +4,676,382    +236,934,239   2,843,246,955   4,145,735,901   2,711,376,024
2026-10-01 07:00:06     9,696,534,155      -3,824,725    +233,109,514   2,842,947,192   4,146,043,349   2,707,543,614
2026-10-01 07:05:06     9,696,522,787         -11,368    +233,098,146   2,842,947,192   4,146,031,981   2,707,543,614
2026-10-01 07:10:06     9,700,211,088      +3,688,301    +236,786,447   2,845,832,233   4,148,115,315   2,706,263,540
2026-10-01 07:15:06     9,698,757,192      -1,453,896    +235,332,551   2,845,832,233   4,148,115,315   2,704,809,644
2026-10-01 07:20:06     9,724,281,066     +25,523,874    +260,856,425   2,845,832,233   4,173,639,189   2,704,809,644
2026-10-01 07:25:06     9,726,141,804      +1,860,738    +262,717,163   2,845,832,233   4,175,499,927   2,704,809,644
2026-10-01 07:30:06     9,734,882,166      +8,740,362    +271,457,525   2,854,597,344   4,175,475,178   2,704,809,644
2026-10-01 07:35:06     9,752,633,617     +17,751,451    +289,208,976   2,854,597,344   4,175,475,178   2,722,561,095
2026-10-01 07:40:06     9,752,697,971         +64,354    +289,273,330   2,854,597,344   4,175,539,532   2,722,561,095
2026-10-01 07:45:06     9,787,266,493     +34,568,522    +323,841,852   2,872,490,485   4,180,882,091   2,733,893,917
2026-10-01 07:50:06     9,787,266,493              +0    +323,841,852   2,872,490,485   4,180,882,091   2,733,893,917
2026-10-01 07:55:06     9,792,826,151      +5,559,658    +329,401,510   2,872,490,485   4,186,441,749   2,733,893,917
2026-10-01 08:00:06     9,801,342,421      +8,516,270    +337,917,780   2,880,101,038   4,187,347,466   2,733,893,917
2026-10-01 08:05:06     9,802,576,189      +1,233,768    +339,151,548   2,881,361,400   4,187,320,872   2,733,893,917
2026-10-01 08:10:06     9,802,562,908         -13,281    +339,138,267   2,881,361,400   4,187,307,591   2,733,893,917
2026-10-01 08:15:06     9,802,562,908              +0    +339,138,267   2,881,361,400   4,187,307,591   2,733,893,917
2026-10-01 08:20:06     9,808,036,105      +5,473,197    +344,611,464   2,883,042,703   4,191,099,485   2,733,893,917
2026-10-01 08:25:06     9,808,036,105              +0    +344,611,464   2,883,042,703   4,191,099,485   2,733,893,917
2026-10-01 08:30:06     9,812,131,780      +4,095,675    +348,707,139   2,883,023,424   4,195,214,439   2,733,893,917
2026-10-01 08:35:06     9,813,845,251      +1,713,471    +350,420,610   2,883,023,424   4,196,927,910   2,733,893,917
2026-10-01 08:40:06     7,037,872,385  -2,775,972,866  -2,425,552,256   2,883,023,424   1,420,955,044   2,733,893,917
2026-10-01 08:45:06     9,831,776,674  +2,793,904,289    +368,352,033   2,883,023,424   4,214,859,333   2,733,893,917
2026-10-01 08:50:06     9,850,334,755     +18,558,081    +386,910,114   2,901,603,516   4,214,837,322   2,733,893,917
2026-10-01 08:55:06     9,849,289,105      -1,045,650    +385,864,464   2,900,581,196   4,214,813,992   2,733,893,917
2026-10-01 09:00:06     9,849,248,707         -40,398    +385,824,066   2,900,581,196   4,214,773,594   2,733,893,917
2026-10-01 09:05:06     9,848,656,012        -592,695    +385,231,371   2,899,043,042   4,215,719,053   2,733,893,917
2026-10-01 09:10:06     9,848,636,147         -19,865    +385,211,506   2,899,043,042   4,215,699,188   2,733,893,917
2026-10-01 09:15:06     9,858,809,021     +10,172,874    +395,384,380   2,909,215,916   4,215,699,188   2,733,893,917
2026-10-01 09:20:06    10,126,003,292    +267,194,271    +662,578,651   2,909,215,916   4,234,528,858   2,982,258,518
2026-10-01 09:25:06    10,133,559,607      +7,556,315    +670,134,966   2,916,791,039   4,234,528,858   2,982,239,710
2026-10-01 09:30:06    10,120,118,247     -13,441,360    +656,693,606   2,916,791,039   4,234,528,858   2,968,798,350
2026-10-01 09:35:06    10,120,118,247              +0    +656,693,606   2,916,791,039   4,234,528,858   2,968,798,350
2026-10-01 09:40:06     9,660,407,846    -459,710,401    +196,983,205   2,437,475,295   4,254,134,201   2,968,798,350
2026-10-01 09:45:06     9,660,407,846              +0    +196,983,205   2,437,475,295   4,254,134,201   2,968,798,350
2026-10-01 09:50:06     9,786,148,354    +125,740,508    +322,723,713   2,557,955,951   4,259,394,053   2,968,798,350
2026-10-01 09:55:06     9,786,029,763        -118,591    +322,605,122   2,557,955,951   4,259,368,475   2,968,705,337
2026-10-01 10:00:06     9,785,003,950      -1,025,813    +321,579,309   2,557,929,284   4,259,368,475   2,967,706,191
2026-10-01 10:05:06     9,789,113,401      +4,109,451    +325,688,760   2,557,929,284   4,259,368,475   2,971,815,642
2026-10-01 10:10:06     9,789,109,755          -3,646    +325,685,114   2,557,929,284   4,259,368,475   2,971,811,996
2026-10-01 10:15:06     9,830,559,854     +41,450,099    +367,135,213   2,599,320,161   4,259,368,475   2,971,871,218
2026-10-01 10:20:06     9,857,426,263     +26,866,409    +394,001,622   2,599,320,161   4,286,826,842   2,971,279,260
2026-10-01 10:25:06     9,857,426,263              +0    +394,001,622   2,599,320,161   4,286,826,842   2,971,279,260
2026-10-01 10:30:06     9,860,825,312      +3,399,049    +397,400,671   2,599,320,161   4,290,394,655   2,971,110,496
2026-10-01 10:35:06     9,868,056,655      +7,231,343    +404,632,014   2,606,589,644   4,290,369,717   2,971,097,294
2026-10-01 10:40:06     9,868,629,077        +572,422    +405,204,436   2,606,589,644   4,290,348,921   2,971,690,512
2026-10-01 10:45:06     9,884,022,528     +15,393,451    +420,597,887   2,610,466,173   4,301,869,663   2,971,686,692
2026-10-01 10:50:06     9,883,984,588         -37,940    +420,559,947   2,610,440,697   4,301,857,199   2,971,686,692
2026-10-01 10:55:06     9,884,379,071        +394,483    +420,954,430   2,610,440,697   4,301,845,297   2,972,093,077
2026-10-01 11:00:06     9,888,356,975      +3,977,904    +424,932,334   2,610,388,629   4,303,925,866   2,974,042,480
2026-10-01 11:05:06     9,888,319,823         -37,152    +424,895,182   2,610,388,629   4,303,902,272   2,974,028,922
2026-10-01 11:10:06     9,888,292,550         -27,273    +424,867,909   2,610,388,629   4,303,878,781   2,974,025,140
2026-10-01 11:15:06     9,891,607,848      +3,315,298    +428,183,207   2,610,388,629   4,303,866,831   2,977,352,388
2026-10-01 11:20:06     9,891,550,943         -56,905    +428,126,302   2,610,388,629   4,303,813,539   2,977,348,775
2026-10-01 11:25:06     9,891,749,995        +199,052    +428,325,354   2,610,388,629   4,303,730,047   2,977,631,319
2026-10-01 11:30:06     9,916,433,603     +24,683,608    +453,008,962   2,635,037,689   4,303,766,438   2,977,629,476
2026-10-01 11:35:06     9,916,377,053         -56,550    +452,952,412   2,635,021,829   4,303,729,268   2,977,625,956
2026-10-01 11:40:06     9,928,499,256     +12,122,203    +465,074,615   2,635,014,368   4,313,591,850   2,979,893,038
2026-10-01 11:45:06     9,930,184,457      +1,685,201    +466,759,816   2,634,962,673   4,313,565,262   2,981,656,522
2026-10-01 11:50:06     9,930,124,525         -59,932    +466,699,884   2,634,940,223   4,313,527,780   2,981,656,522
2026-10-01 11:55:06     9,940,115,812      +9,991,287    +476,691,171   2,634,913,034   4,313,502,524   2,991,700,254
2026-10-01 12:00:06     9,940,115,812              +0    +476,691,171   2,634,913,034   4,313,502,524   2,991,700,254
2026-10-01 12:05:06     9,981,620,105     +41,504,293    +518,195,464   2,658,101,025   4,331,423,318   2,992,095,762
2026-10-01 12:10:06     9,981,617,235          -2,870    +518,192,594   2,658,101,025   4,331,423,318   2,992,092,892
2026-10-01 12:15:06     9,981,403,099        -214,136    +517,978,458   2,658,101,025   4,331,397,960   2,991,904,114
2026-10-01 12:20:06    10,002,163,680     +20,760,581    +538,739,039   2,673,051,588   4,331,372,930   2,997,739,162
2026-10-01 12:25:06    10,002,151,472         -12,208    +538,726,831   2,673,051,588   4,331,360,722   2,997,739,162
2026-10-01 12:30:06    10,001,065,044      -1,086,428    +537,640,403   2,673,051,588   4,331,347,889   2,996,665,567
2026-10-01 12:35:06    10,023,621,408     +22,556,364    +560,196,767   2,673,051,588   4,353,908,832   2,996,660,988
2026-10-01 12:40:06    10,051,528,480     +27,907,072    +588,103,839   2,700,961,766   4,353,908,832   2,996,657,882
2026-10-01 12:45:06    10,059,278,853      +7,750,373    +595,854,212   2,700,961,766   4,360,844,246   2,997,472,841
2026-10-01 12:50:06    10,090,178,969     +30,900,116    +626,754,328   2,700,961,766   4,392,408,370   2,996,808,833
2026-10-01 12:55:06    10,090,136,218         -42,751    +626,711,577   2,700,961,766   4,392,392,555   2,996,781,897
2026-10-01 13:00:06    10,117,874,605     +27,738,387    +654,449,964   2,728,736,794   4,392,358,335   2,996,779,476
2026-10-01 13:05:06    10,117,813,432         -61,173    +654,388,791   2,728,709,527   4,392,326,469   2,996,777,436
2026-10-01 13:10:06    10,124,619,693      +6,806,261    +661,195,052   2,728,686,755   4,392,311,279   3,003,621,659
2026-10-01 13:15:06    10,125,162,793        +543,100    +661,738,152   2,728,660,447   4,392,311,279   3,004,191,067
2026-10-01 13:20:06    10,133,198,716      +8,035,923    +669,774,075   2,728,622,459   4,400,374,844   3,004,201,413
2026-10-01 13:25:06    10,133,940,089        +741,373    +670,515,448   2,728,622,459   4,401,121,291   3,004,196,339
2026-10-01 13:30:06    10,133,880,150         -59,939    +670,455,509   2,728,581,762   4,401,106,114   3,004,192,274
2026-10-01 13:35:06    10,163,095,323     +29,215,173    +699,670,682   2,728,581,762   4,430,324,417   3,004,189,144
2026-10-01 13:40:06    10,163,083,082         -12,241    +699,658,441   2,728,581,762   4,430,312,176   3,004,189,144
2026-10-01 13:45:06    10,361,510,601    +198,427,519    +898,085,960   2,728,581,762   4,433,224,393   3,199,704,446
2026-10-01 13:50:06    10,361,509,077          -1,524    +898,084,436   2,728,581,762   4,433,224,393   3,199,702,922
2026-10-01 13:55:06    10,369,563,370      +8,054,293    +906,138,729   2,728,581,762   4,441,278,686   3,199,702,922
2026-10-01 14:00:06    10,369,549,263         -14,107    +906,124,622   2,728,581,762   4,441,267,306   3,199,700,195
2026-10-01 14:05:06    10,369,547,552          -1,711    +906,122,911   2,728,581,762   4,441,267,306   3,199,698,484
2026-10-01 14:10:06    10,371,118,056      +1,570,504    +907,693,415   2,728,581,762   4,441,243,920   3,201,292,374
2026-10-01 14:15:06    10,379,270,436      +8,152,380    +915,845,795   2,728,581,762   4,443,023,876   3,207,664,798
2026-10-01 14:20:06    10,380,070,107        +799,671    +916,645,466   2,728,581,762   4,443,449,018   3,208,039,327
2026-10-01 14:25:06    10,385,215,300      +5,145,193    +921,790,659   2,728,581,762   4,443,449,018   3,213,184,520
2026-10-01 14:30:06    10,385,322,718        +107,418    +921,898,077   2,728,581,762   4,443,449,018   3,213,291,938
2026-10-01 14:35:06    10,455,931,027     +70,608,309    +992,506,386   2,799,193,775   4,443,449,018   3,213,288,234
2026-10-01 14:40:06    10,455,926,968          -4,059    +992,502,327   2,799,193,775   4,443,449,018   3,213,284,175
2026-10-01 14:45:06    10,472,980,756     +17,053,788  +1,009,556,115   2,816,247,563   4,443,449,018   3,213,284,175
2026-10-01 14:50:06    10,473,329,448        +348,692  +1,009,904,807   2,816,596,255   4,443,449,018   3,213,284,175
2026-10-01 14:55:06    10,473,404,971         +75,523  +1,009,980,330   2,816,671,778   4,443,449,018   3,213,284,175
2026-10-01 15:00:06    10,473,404,971              +0  +1,009,980,330   2,816,671,778   4,443,449,018   3,213,284,175
2026-10-01 15:05:06    10,477,990,887      +4,585,916  +1,014,566,246   2,821,257,694   4,443,449,018   3,213,284,175
2026-10-01 15:10:06    10,482,013,668      +4,022,781  +1,018,589,027   2,825,280,475   4,443,449,018   3,213,284,175
2026-10-01 15:15:06    10,482,013,668              +0  +1,018,589,027   2,825,280,475   4,443,449,018   3,213,284,175
2026-10-01 15:20:06    10,482,013,668              +0  +1,018,589,027   2,825,280,475   4,443,449,018   3,213,284,175
2026-10-01 15:25:06    10,482,013,668              +0  +1,018,589,027   2,825,280,475   4,443,449,018   3,213,284,175
2026-10-01 15:30:06    10,482,013,668              +0  +1,018,589,027   2,825,280,475   4,443,449,018   3,213,284,175
2026-10-01 15:35:06    10,482,013,668              +0  +1,018,589,027   2,825,280,475   4,443,449,018   3,213,284,175
2026-10-01 15:40:06    10,482,013,668              +0  +1,018,589,027   2,825,280,475   4,443,449,018   3,213,284,175
2026-10-01 15:45:06    10,482,013,668              +0  +1,018,589,027   2,825,280,475   4,443,449,018   3,213,284,175
2026-10-01 15:50:06    10,486,795,145      +4,781,477  +1,023,370,504   2,830,061,952   4,443,449,018   3,213,284,175
2026-10-01 15:55:06    10,486,679,420        -115,725  +1,023,254,779   2,829,946,227   4,443,449,018   3,213,284,175
2026-10-01 16:00:06    10,580,545,598     +93,866,178  +1,117,120,957   2,829,934,970   4,537,326,453   3,213,284,175
2026-10-01 16:05:06    10,593,075,779     +12,530,181  +1,129,651,138   2,829,934,970   4,549,856,634   3,213,284,175
2026-10-01 16:10:06    10,593,046,872         -28,907  +1,129,622,231   2,829,927,111   4,549,835,586   3,213,284,175
2026-10-01 16:15:06    10,599,083,998      +6,037,126  +1,135,659,357   2,829,927,111   4,555,872,712   3,213,284,175
2026-10-01 16:20:06    10,599,061,724         -22,274  +1,135,637,083   2,829,927,111   4,555,850,438   3,213,284,175
2026-10-01 16:25:06    10,614,473,520     +15,411,796  +1,151,048,879   2,845,338,907   4,555,850,438   3,213,284,175
2026-10-01 16:30:06    10,614,473,520              +0  +1,151,048,879   2,845,338,907   4,555,850,438   3,213,284,175
2026-10-01 16:35:06    10,614,473,520              +0  +1,151,048,879   2,845,338,907   4,555,850,438   3,213,284,175
2026-10-01 16:40:06    10,641,557,829     +27,084,309  +1,178,133,188   2,859,989,179   4,568,284,475   3,213,284,175
2026-10-01 16:45:06    10,641,546,142         -11,687  +1,178,121,501   2,859,989,179   4,568,272,788   3,213,284,175
2026-10-01 16:50:06    10,642,001,960        +455,818  +1,178,577,319   2,860,477,990   4,568,239,795   3,213,284,175
2026-10-01 16:55:06    10,641,973,438         -28,522  +1,178,548,797   2,860,449,468   4,568,239,795   3,213,284,175
