NET WORTH BY DAY, LAST 7 DAYS -- start is the first reading after midnight, current is the latest reading of that day, midnight to midnight Central

day                        net worth start  net worth current          change
-----------------------------------------------------------------------------
Wed 2026-09-30 (so far)      3,621,276,290      3,659,243,700     +37,967,410


NET WORTH EVERY 5 MINUTES, Wed 2026-09-30 -- Alz plus stock at its listed price, from the board and balance the run printed at the end of its latest pass

time                        net worth      since last  since midnight             Alz           stock
-----------------------------------------------------------------------------------------------------
2026-09-30 21:54:26     3,621,276,290               -              +0   2,927,579,051     693,697,239
2026-09-30 21:59:40     3,621,267,099          -9,191          -9,191   2,927,579,051     693,688,048
2026-09-30 22:04:58     3,621,260,038          -7,061         -16,252   2,927,579,051     693,680,987
2026-09-30 22:10:13     3,621,245,948         -14,090         -30,342   2,977,849,462     643,396,486
2026-09-30 22:15:27     3,618,099,538      -3,146,410      -3,176,752   2,981,244,422     636,855,116
2026-09-30 22:20:46     3,618,093,920          -5,618      -3,182,370   2,981,244,422     636,849,498
2026-09-30 22:26:00     3,619,353,964      +1,260,044      -1,922,326   3,105,844,396     513,509,568
2026-09-30 22:31:14     3,619,346,774          -7,190      -1,929,516   3,105,844,396     513,502,378
2026-09-30 22:36:33     3,622,712,059      +3,365,285      +1,435,769   3,025,541,428     597,170,631
2026-09-30 22:41:48     3,622,704,771          -7,288      +1,428,481   3,025,541,428     597,163,343
2026-09-30 22:47:03     3,622,691,615         -13,156      +1,415,325   3,025,711,110     596,980,505
2026-09-30 22:52:22     3,622,679,781         -11,834      +1,403,491   3,025,711,110     596,968,671
2026-09-30 22:57:36     3,622,665,449         -14,332      +1,389,159   3,025,711,110     596,954,339
2026-09-30 23:02:50     3,622,656,847          -8,602      +1,380,557   3,027,407,590     595,249,257
2026-09-30 23:08:08     3,628,463,701      +5,806,854      +7,187,411   2,912,347,674     716,116,027
2026-09-30 23:13:24     3,637,646,674      +9,182,973     +16,370,384   2,736,710,465     900,936,209
2026-09-30 23:18:40     3,637,431,081        -215,593     +16,154,791   2,756,509,057     880,922,024
2026-09-30 23:24:00     3,637,421,599          -9,482     +16,145,309   2,756,509,057     880,912,542
2026-09-30 23:29:15     3,659,243,700     +21,822,101     +37,967,410   2,392,512,142   1,266,731,558
