NET WORTH BY DAY, LAST 7 DAYS -- start is the first reading after midnight, current is the latest reading of that day, midnight to midnight Central

day                        net worth start  net worth current          change
-----------------------------------------------------------------------------
Wed 2026-09-30               3,710,142,956      3,748,110,366     +37,967,410
Thu 2026-10-01               4,099,407,858      4,636,245,124    +536,837,266
Fri 2026-10-02               3,563,639,009      3,753,933,292    +190,294,283
Sat 2026-10-03               3,762,162,133      3,920,522,401    +158,360,268
Sun 2026-10-04               2,153,244,217      2,257,282,942    +104,038,725
Mon 2026-10-05               2,366,918,524      3,678,133,461  +1,311,214,937
Tue 2026-10-06 (so far)      3,678,100,135      3,691,538,380     +13,438,245


NET WORTH EVERY 5 MINUTES, Tue 2026-10-06 -- Alz, stock at its listed price, and Cash and gems at the voucher price, from the board, balance and Cash the run printed by the end of its latest pass

time                        net worth      since last  since midnight             Alz           stock            Cash            gems
-------------------------------------------------------------------------------------------------------------------------------------
2026-10-06 00:01:13     3,678,100,135               -              +0   1,946,359,542   1,622,638,093      74,600,000      34,502,500
2026-10-06 00:06:30     3,678,078,591         -21,544         -21,544   1,946,359,542   1,622,616,549      74,600,000      34,502,500
2026-10-06 00:11:46     3,678,078,591              +0         -21,544   1,946,359,542   1,622,616,549      74,600,000      34,502,500
2026-10-06 00:16:20     3,683,172,595      +5,094,004      +5,072,460   1,953,679,214   1,620,390,881      74,600,000      34,502,500
2026-10-06 00:21:37     3,684,512,322      +1,339,727      +6,412,187   2,758,659,809     816,750,013      74,600,000      34,502,500
2026-10-06 00:26:52     3,685,212,079        +699,757      +7,111,944   2,829,401,938     746,707,641      74,600,000      34,502,500
2026-10-06 00:31:25     3,685,295,748         +83,669      +7,195,613   3,237,639,525     338,553,723      74,600,000      34,502,500
2026-10-06 00:36:44     3,685,295,748              +0      +7,195,613   3,237,639,525     338,553,723      74,600,000      34,502,500
2026-10-06 00:41:57     3,691,550,228      +6,254,480     +13,450,093   2,782,771,386     799,676,342      74,600,000      34,502,500
2026-10-06 00:46:33     3,691,538,380         -11,848     +13,438,245   2,769,498,986     812,936,894      74,600,000      34,502,500
