NET WORTH BY DAY, LAST 7 DAYS -- start is the first reading after midnight, current is the latest reading of that day, midnight to midnight Central

day                        net worth start  net worth current          change
-----------------------------------------------------------------------------
Wed 2026-09-30               2,267,114,135      2,384,184,542    +117,070,407
Thu 2026-10-01 (so far)      2,384,184,542      2,790,772,639    +406,588,097


NET WORTH EVERY 5 MINUTES, Thu 2026-10-01 -- Alz plus stock at its listed price, from the board and balance the run printed at the end of its latest pass

time                        net worth      since last  since midnight             Alz           stock
-----------------------------------------------------------------------------------------------------
2026-10-01 00:00:06     2,384,184,542               -              +0     632,411,425   1,751,773,117
2026-10-01 00:05:22     2,384,184,542              +0              +0     632,411,425   1,751,773,117
2026-10-01 00:10:47     2,374,800,397      -9,384,145      -9,384,145   1,097,326,770   1,277,473,627
2026-10-01 00:16:03     2,374,800,397              +0      -9,384,145   1,097,326,770   1,277,473,627
2026-10-01 00:21:22     2,374,800,397              +0      -9,384,145   1,097,326,770   1,277,473,627
2026-10-01 00:26:27     2,374,800,397              +0      -9,384,145   1,097,326,770   1,277,473,627
2026-10-01 00:31:44     2,386,856,316     +12,055,919      +2,671,774     777,162,127   1,609,694,189
2026-10-01 00:36:58     2,386,856,316              +0      +2,671,774     777,162,127   1,609,694,189
2026-10-01 00:42:08     2,386,856,316              +0      +2,671,774     777,162,127   1,609,694,189
2026-10-01 00:47:29     2,397,699,175     +10,842,859     +13,514,633   1,490,212,087     907,487,088
2026-10-01 00:52:45     2,397,699,175              +0     +13,514,633   1,490,212,087     907,487,088
2026-10-01 00:57:51     2,397,699,175              +0     +13,514,633   1,490,212,087     907,487,088
2026-10-01 01:03:06     2,405,431,132      +7,731,957     +21,246,590   1,306,199,351   1,099,231,781
2026-10-01 01:08:24     2,405,431,132              +0     +21,246,590   1,306,199,351   1,099,231,781
2026-10-01 01:31:17     2,421,519,151     +16,088,019     +37,334,609   1,504,544,444     916,974,707
2026-10-01 01:36:32     2,421,519,151              +0     +37,334,609   1,504,544,444     916,974,707
2026-10-01 01:41:49     2,421,519,151              +0     +37,334,609   1,504,544,444     916,974,707
2026-10-01 01:46:52     2,452,609,252     +31,090,101     +68,424,710     686,042,120   1,766,567,132
2026-10-01 01:52:09     2,452,609,252              +0     +68,424,710     686,042,120   1,766,567,132
2026-10-01 01:57:25     2,452,609,252              +0     +68,424,710     686,042,120   1,766,567,132
2026-10-01 02:02:33     2,452,609,252              +0     +68,424,710     686,042,120   1,766,567,132
2026-10-01 02:07:45     2,452,609,252              +0     +68,424,710     686,042,120   1,766,567,132
2026-10-01 02:13:02     2,554,979,686    +102,370,434    +170,795,144     781,289,415   1,773,690,271
2026-10-01 02:18:05     2,554,929,893         -49,793    +170,745,351     970,256,906   1,584,672,987
2026-10-01 02:23:22     2,554,888,999         -40,894    +170,704,457     970,261,808   1,584,627,191
2026-10-01 02:28:39     2,554,888,999              +0    +170,704,457     970,261,808   1,584,627,191
2026-10-01 02:33:44     2,554,888,999              +0    +170,704,457     970,261,808   1,584,627,191
2026-10-01 02:38:59     2,554,888,999              +0    +170,704,457     970,261,808   1,584,627,191
2026-10-01 02:44:11     2,538,047,101     -16,841,898    +153,862,559     970,228,063   1,567,819,038
2026-10-01 02:49:21     2,537,248,171        -798,930    +153,063,629   2,013,533,520     523,714,651
2026-10-01 02:54:36     2,537,248,171              +0    +153,063,629   2,013,533,520     523,714,651
2026-10-01 03:12:12     2,537,393,984        +145,813    +153,209,442   2,017,724,541     519,669,443
2026-10-01 03:17:30     2,537,393,984              +0    +153,209,442   2,017,724,541     519,669,443
2026-10-01 03:22:40     2,537,393,984              +0    +153,209,442   2,017,724,541     519,669,443
2026-10-01 03:27:44     2,536,933,093        -460,891    +152,748,551   2,016,256,595     520,676,498
2026-10-01 03:32:57     2,536,933,093              +0    +152,748,551   2,016,256,595     520,676,498
2026-10-01 03:38:13     2,536,933,093              +0    +152,748,551   2,016,256,595     520,676,498
2026-10-01 03:43:20     2,536,933,093              +0    +152,748,551   2,016,256,595     520,676,498
2026-10-01 03:48:36     2,536,468,189        -464,904    +152,283,647   2,015,968,806     520,499,383
2026-10-01 03:53:57     2,536,468,189              +0    +152,283,647   2,015,968,806     520,499,383
2026-10-01 03:58:59     2,536,468,189              +0    +152,283,647   2,015,968,806     520,499,383
2026-10-01 04:04:14     2,536,468,189              +0    +152,283,647   2,015,968,806     520,499,383
2026-10-01 04:09:24     2,537,465,692        +997,503    +153,281,150   1,978,256,965     559,208,727
2026-10-01 04:14:31     2,537,465,692              +0    +153,281,150   1,978,256,965     559,208,727
2026-10-01 04:19:43     2,537,465,692              +0    +153,281,150   1,978,256,965     559,208,727
2026-10-01 04:24:57     2,540,748,376      +3,282,684    +156,563,834   1,844,726,554     696,021,822
2026-10-01 04:30:01     2,540,728,557         -19,819    +156,544,015   1,844,724,578     696,003,979
2026-10-01 04:35:19     2,540,728,557              +0    +156,544,015   1,844,724,578     696,003,979
2026-10-01 04:40:38     2,540,690,872         -37,685    +156,506,330   1,850,657,670     690,033,202
2026-10-01 04:45:38     2,540,690,872              +0    +156,506,330   1,850,657,670     690,033,202
2026-10-01 04:50:56     2,540,690,872              +0    +156,506,330   1,850,657,670     690,033,202
2026-10-01 04:56:08     2,540,690,872              +0    +156,506,330   1,850,657,670     690,033,202
2026-10-01 05:01:16     2,671,275,661    +130,584,789    +287,091,119   2,019,831,498     651,444,163
2026-10-01 05:06:29     2,671,256,035         -19,626    +287,071,493   2,019,087,975     652,168,060
2026-10-01 05:11:46     2,671,256,035              +0    +287,071,493   2,019,087,975     652,168,060
2026-10-01 05:16:56     2,671,256,035              +0    +287,071,493   2,019,087,975     652,168,060
2026-10-01 05:22:16     2,671,256,035              +0    +287,071,493   2,019,087,975     652,168,060
2026-10-01 05:27:26     2,672,764,793      +1,508,758    +288,580,251   1,858,941,734     813,823,059
2026-10-01 05:32:42     2,672,764,793              +0    +288,580,251   1,858,941,734     813,823,059
2026-10-01 05:37:59     2,674,323,380      +1,558,587    +290,138,838   2,024,737,654     649,585,726
2026-10-01 05:43:04     2,674,323,380              +0    +290,138,838   2,024,737,654     649,585,726
2026-10-01 05:48:25     2,674,323,380              +0    +290,138,838   2,024,737,654     649,585,726
2026-10-01 05:53:44     2,790,772,639    +116,449,259    +406,588,097   2,277,698,028     513,074,611
