NET WORTH BY DAY, LAST 7 DAYS -- start is the first reading after midnight, current is the latest reading of that day, midnight to midnight Central

day                        net worth start  net worth current          change
-----------------------------------------------------------------------------
Thu 2026-10-01 (so far)      2,648,207,241      2,733,893,917     +85,686,676


NET WORTH EVERY 5 MINUTES, Thu 2026-10-01 -- Alz plus stock at its listed price, from the board and balance the run printed at the end of its latest pass

time                        net worth      since last  since midnight             Alz           stock
-----------------------------------------------------------------------------------------------------
2026-10-01 05:15:44     2,648,207,241               -              +0   1,828,012,291     820,194,950
2026-10-01 05:20:55       815,195,556  -1,833,011,685  -1,833,011,685         104,341     815,091,215
2026-10-01 05:26:09     2,648,186,936  +1,832,991,380         -20,305   1,838,195,941     809,990,995
2026-10-01 05:31:20     2,648,180,566          -6,370         -26,675   1,838,195,941     809,984,625
2026-10-01 05:36:31     2,650,010,270      +1,829,704      +1,803,029   1,833,035,838     816,974,432
2026-10-01 05:41:46     2,650,010,270              +0      +1,803,029   1,833,035,838     816,974,432
2026-10-01 05:46:57     2,650,510,566        +500,296      +2,303,325   1,821,298,572     829,211,994
2026-10-01 05:52:09     2,651,817,212      +1,306,646      +3,609,971   1,786,308,463     865,508,749
2026-10-01 05:57:28     2,651,805,465         -11,747      +3,598,224   1,786,308,463     865,497,002
2026-10-01 06:02:40     2,651,800,756          -4,709      +3,593,515   1,786,308,463     865,492,293
2026-10-01 06:07:51     2,661,735,207      +9,934,451     +13,527,966   1,570,783,826   1,090,951,381
2026-10-01 06:13:06     2,661,727,306          -7,901     +13,520,065   1,570,783,826   1,090,943,480
2026-10-01 06:18:17     2,662,242,464        +515,158     +14,035,223   1,557,360,959   1,104,881,505
2026-10-01 06:23:28     2,662,011,071        -231,393     +13,803,830   1,557,360,959   1,104,650,112
2026-10-01 06:28:43     2,684,448,491     +22,437,420     +36,241,250   1,193,974,094   1,490,474,397
2026-10-01 06:33:55     2,684,437,043         -11,448     +36,229,802   1,197,860,680   1,486,576,363
2026-10-01 06:39:07     2,694,837,261     +10,400,218     +46,630,020   1,052,549,338   1,642,287,923
2026-10-01 06:44:22     2,704,018,906      +9,181,645     +55,811,665     930,014,590   1,774,004,316
2026-10-01 06:49:34     2,711,390,637      +7,371,731     +63,183,396     969,936,897   1,741,453,740
2026-10-01 06:54:46     2,711,376,024         -14,613     +63,168,783     969,936,897   1,741,439,127
2026-10-01 07:00:03     2,707,543,614      -3,832,410     +59,336,373   1,102,413,674   1,605,129,940
2026-10-01 07:05:17     2,706,263,540      -1,280,074     +58,056,299   1,601,044,680   1,105,218,860
2026-10-01 07:10:30     2,704,809,644      -1,453,896     +56,602,403   1,471,265,560   1,233,544,084
2026-10-01 07:15:48     2,704,809,644              +0     +56,602,403   1,471,265,560   1,233,544,084
2026-10-01 07:21:01     2,704,809,644              +0     +56,602,403   1,471,265,560   1,233,544,084
2026-10-01 07:26:14     2,704,809,644              +0     +56,602,403   1,471,265,560   1,233,544,084
2026-10-01 07:31:31     2,722,561,095     +17,751,451     +74,353,854   1,175,443,017   1,547,118,078
2026-10-01 07:36:44     2,722,561,095              +0     +74,353,854   1,175,443,017   1,547,118,078
2026-10-01 07:41:58     2,733,893,917     +11,332,822     +85,686,676   1,688,665,120   1,045,228,797
